301.26
301.26
281.39
213.58
213.58
213.58
213.58
170.25
170.25
170.25
170.25
163
163
163
157.14
157.14
155.8
152.83
152.83
149.28
149.28
100.61
100.61
100.61
100.61
100.61
100.61
80.81
80.81
80.81
33.57
33.57
33.57
33.57
33.57
33.57
33.57
33.57
33.57
33.57
33.57
33.57
33.57
33.57
33.57
33.57
33.57
33.57
33.57
33.57
33.57
33.57
33.57
33.57
33.57
33.57
33.57
33.57
33.57
33.57
31.26
31.26
31.26
31.26
31.26
31.26
11.38
11.38
11.38
11.38
11.38
11.38
11.38
11.38
11.38
11.38
11.38
11.38
11.38
11.38
11.38
11.38
11.38
11.38
11.38
11.38
11.38
11.38
11.38
11.38
11.38
11.38
11.38
11.38
11.38
11.38
11.38
11.38
11.38
11.38
11.38
8.21
8.21
8.2
8.2
8.2
8.2
8.2
8.2
8.2
8.2
8.2
8.2
8.2
8.2
8.2
8.2
8.2
8.2
8.2
8.2
8.2
8.2
8.2
8.2
8.2
8.2
8.2
8.2
8.2
8.2
8.2
8.2
8.2
8.2
8.2
8.2
8.2
8.2
8.2
8.2
8.2
8.2
8.2
8.2
8.2
8.2
8.2
8.2
8.2
8.2
8.2
8.2
8.2
8.2
8.2
8.2
8.2
8.2
8.2
8.2
8.2
8.2
8.2
8.2
8.2
8.2
8.2
8.2
5.87
5.87
5.87
5.87
5.87
5.87
5.87
5.87
5.87
5.87
5.87
5.87
5.87
5.87
5.87
5.87
5.87
5.87
5.87
5.87
5.87
5.87
5.87
5.87
5.87
5.87
5.87
5.87
5.87
5.87
5.87
5.87
5.87
5.87
5.87
5.87
5.87
5.87
5.87
5.87
5.87
5.87
5.87
5.87
5.87
4.76
4.76
4.76
4.76
4.76
4.76
4.76
4.76
4.76
4.76
4.76
4.76
4.76
4.76
4.76
4.76
4.76
4.76
4.76
4.76
4.76
4.76
4.76
4.76
4.76
4.76
4.76
4.76
4.76
4.76
4.76
4.76
4.76
4.76
4.76
4.76
4.76
4.76
4.76
4.76
4.76
4.76
4.76
4.76
4.76
4.76
4.76
4.76
4.76
4.76
4.76
4.76
4.76
4.76
4.76
4.76
4.76
4.76
4.76
4.76
4.76
4.76
4.76
4.76
4.76
4.76
4.76
4.76
4.76
4.76
4.76
4.76
4.76
4.76
4.76
4.76
4.76
4.76
4.76
4.76
4.76
4.76
4.76
4.76
4.76
4.76
4.76
4.76
4.76
4.76
4.76
4.76
4.76
4.76
4.76
4.76
4.76
4.76
4.76
4.76
4.76
4.76
4.76
4.76
4.76
4.76
4.76
4.76
4.76
4.76
4.76
4.76
4.76
4.76
4.76
4.76
4.76
4.76
4.76
4.76
4.76
4.76
4.76
4.76
4.76
4.76
4.76
4.76
4.76
4.76
4.76
4.76
4.76
4.76
4.76
4.76
4.76
4.76
4.05
4.05
4.05
4.05
4.05
4.05
4.05
4.05
4.05
4.05
4.05
4.05
4.05
4.05
4.05
4.05
4.05
4.05
4.05
4.05
4.05
4.05
4.05
4.05
4.05
2.92
2.92
2.92
2.92
2.92
2.92
2.92
2.92
2.92
2.92
2.92
2.92
2.92
2.92
2.92
2.92
2.92
2.92
2.92
2.92
2.92
2.92
2.92
2.92
2.92
2.92
2.92
2.92
2.92
2.92
2.92
2.92
2.92
2.92
2.92
2.92
2.92
2.92
2.92
2.92
2.92
2.92
2.92
2.92
2.92
2.92
2.92
2.92
2.92
2.92
2.92
2.92
2.92
2.92
2.92
2.92
2.92
2.92
2.92
2.92
2.92
2.92
2.92
2.92
2.92
2.92
2.92
2.92
2.92
2.92
2.92
2.92
2.92
2.92
2.92
2.92
2.92
2.92
2.92
2.92
2.92
2.92
2.92
2.92
2.92
2.92
2.92
2.92
2.92
2.92
2.92
2.92
2.92
2.92
2.92
2.92
2.92
2.92
2.92
2.92
2.92
2.92
2.92
2.92
2.92
2.92
2.92
2.92
2.92
2.92
2.92
2.92
2.92
2.92
2.92
2.92
2.92
2.92
2.92
2.92
2.92
2.92
2.92
2.92
2.92
2.92
2.92
2.92
2.92
2.92
2.92
2.92
2.92
2.92
2.92
2.92
2.92
2.92
2.92
2.92
2.92
2.92
2.92
2.92
2.92
2.92
2.92
2.92
2.92
2.92
2.92
2.92
2.92
2.92
2.92
2.92
2.92
2.92
2.92
2.92
2.92
2.92
2.92
2.92
2.92
2.92
2.92
2.92
2.92
2.92
2.92
2.92
2.92
2.92
2.92
2.92
2.92
2.92
2.92
2.92
2.92
2.92
2.92
2.92
2.92
2.92
2.92
2.92
2.92
2.92
2.92
2.92
2.92
2.92
2.92
2.92
2.92
2.92
2.92
2.92
2.92
2.92
1.92
1.92
1.92
1.92
1.92
1.92
1.92
1.92
1.92
1.92
1.92
1.92
1.92
1.92
1.92
1.92
1.92
1.92
1.92
1.92
1.92
1.92
1.92
1.92
1.92
1.92
1.92
1.92
1.92
1.92
1.92
1.92
1.92
1.92
1.92
1.92
1.92
1.92
1.92
1.92
1.92
1.92
1.92
1.92
1.92
1.92
1.92
1.92
1.92
1.92
1.92
1.92
1.92
1.92
1.92
1.92
1.92
1.92
1.92
1.92
1.92
1.92
1.92
1.92
1.92
1.92
1.92
1.92
1.92
1.92
1.92
1.92
1.92
1.92
1.92
1.92
1.92
1.92
1.92
1.92
1.92
1.92
1.92
1.92
1.92
1.92
1.92
1.92
1.92
1.92
1.92
1.92
1.92
1.92
1.92
1.92
1.92
1.92
1.92
1.92
1.92
1.92
1.92
0.29
0.29
0.29
0.29
0.29
0.29
0.29
0.29
0.29
0.29
0.29
0.29
0.29
0.29
0.29
0.29
0.29
0.29
0.29
0.29
0.29
0.29
0.29
0.29
0.29
0.29
0.29
0.29
0.29
0.29
0.29
0.29
0.29
0.29
0.29
0.29
0.29
0.29
0.29
0.29
0.29
0.29
0.29
0.29
0.29
0.29
0.29
0.29
0.29
0.29
0.29
0.29
0.29
0.29
0.29
0.29
0.29
0.29
0.29
0.29
0.29
0.29
0.29
0.29
0.29
0.29
0.29
0.29
0.29
0.29
0.29
0.29
0.29
0.29
0.29
0.29
0.29
0.29
0.29
0.29
0.29
0.29
0.29
0.29
0.29
0.29
0.29
0.29
0.29
0.29
0.29
0.29
0.29
0.29
0.29
0.29
0.29
0.29
0.29
0.29
0.29
0.29
0.29
0.29
0.29
0.29
0.29
0.29
0.29
0.29
0.29
0.29
0.29
0.29
0.29
0.29
0.29
0.29
0.29
0.29
0.29
0.29
0.29
0.29
0.29
0.29
0.29
0.29
0.29
0.29
0.29
0.29
0.29
0.29
0.29
0.29
0.29
0.29
0.29
0.29
0.29
0.29
0.29
0.29
0.29
0.29
0.29
0.29
0.29
0.29
0.29
0.29
0.29
0.29
0.29
0.29
0.29
0.29
0.29
0.29
0.29
0.29
0.29
0.29
0.29
0.29
0.29
0.29
0.29
0.29
0.29
0.29
0.29
0.29
0.29
0.29
0.29
0.29
0.29
0.29
0.29
0.29
0.29
0.29
0.29
0.29
0.29
0.29
0.29
0.29
0.29
0.29
0.29
0.29
0.29
0.29
0.29
0.29
0.29
0.29
0.29
0.29
0.29
0.29
0.29
0.29
0.29
0.29
0.29
0.29
0.29
0.29
0.29
0.29
0.29
0.29
0.29
0.29
0.29
0.29
0.29
0.29
0.29
0.29
0.29
0.29
0.29
0.29
0.29
0.29
0.29
0.29
0.29
0.29
0.29
0.29
0.29
0.29
0.29
0.29
0.29
0.29
0.29
0.29
0.29
0.29
0.29
0.29
0.29
0.29
0.29
0.29
0.29
0.29
0.29
0.29
0.29
0.29
0.29
0.29
0.29
0.29
0.29
0.29
0.29
0.29
0.29
0.29
0.29
0.29
0.29
0.29
0.29
0.29
0.29
0.29
0.29
0.29
0.29
0.29
0.29
0.29
0.29
0.29
0.29
0.29
0.29
0.29
0.29
0.29
0.29
0.29
0.29
0.29
0.29
0.29
0.29
0.29
0.29
0.29
0.29
0.29
0.29
0.29
0.29
0.29
0.29
0.29
0.29
0.29
0.29
0.29
0.29
0.29
0.29
0.29
0.29
0.29
